-- // converted using mech's animoduler
local cfr = CFrame.new

return {{tm=0;["Torso"]={cf=cfr(-.227,-.137,.016,.97,-.242,-.003,.241,.965,-.103,.028,.099,.995);es="Linear";ed="In";};["Left Leg"]={cf=cfr(-.658,.135,-.009,.999,-.051,.014,.048,.982,.18,-.023,-.179,.984);es="Linear";ed="In";};["Right Arm"]={cf=cfr(0,-.12,.08,.778,0,-.628,.129,.979,.16,.614,-.206,.762);es="Linear";ed="In";};["Handle"]={cf=cfr(0,0,0,1,0,0,0,1,0,0,0,1);es="Linear";ed="In";};["Left Arm"]={cf=cfr(.003,-.112,.083,.955,-.008,.298,-.057,.976,.209,-.292,-.216,.931);es="Linear";ed="In";};["Right Leg"]={cf=cfr(.124,.127,.01,.891,.144,-.431,-.078,.983,.167,.447,-.115,.887);es="Linear";ed="In";};["Head"]={cf=cfr(0,0,0,.978,.203,-.042,-.205,.976,-.075,.026,.082,.996);es="Linear";ed="In";};};{tm=.017;["Torso"]={cf=cfr(-.226,-.141,.016,.97,-.242,-.003,.241,.965,-.107,.029,.103,.994);es="Linear";ed="In";};["Left Leg"]={cf=cfr(-.66,.137,-.008,.999,-.049,.014,.046,.983,.179,-.023,-.178,.984);es="Linear";ed="In";};["Right Arm"]={cf=cfr(-.004,-.12,.077,.78,.015,-.626,.108,.981,.158,.616,-.191,.764);es="Linear";ed="In";};["Handle"]={cf=cfr(0,0,0,1,0,0,0,1,0,0,0,1);es="Linear";ed="In";};["Left Arm"]={cf=cfr(.003,-.112,.083,.955,-.007,.298,-.058,.976,.209,-.292,-.217,.931);es="Linear";ed="In";};["Right Leg"]={cf=cfr(.125,.128,.011,.891,.141,-.431,-.076,.983,.165,.447,-.114,.887);es="Linear";ed="In";};["Head"]={cf=cfr(0,0,0,.978,.203,-.04,-.205,.977,-.063,.027,.07,.997);es="Linear";ed="In";};};{tm=.033;["Torso"]={cf=cfr(-.226,-.145,.014,.97,-.242,-.002,.241,.964,-.111,.029,.107,.994);es="Linear";ed="In";};["Left Leg"]={cf=cfr(-.664,.14,-.007,.999,-.047,.015,.044,.983,.178,-.023,-.177,.984);es="Linear";ed="In";};["Right Arm"]={cf=cfr(-.006,-.121,.074,.782,.022,-.623,.095,.983,.155,.616,-.18,.767);es="Linear";ed="In";};["Handle"]={cf=cfr(0,0,0,1,0,0,0,1,0,0,0,1);es="Linear";ed="In";};["Left Arm"]={cf=cfr(.002,-.112,.083,.954,-.006,.298,-.059,.976,.209,-.292,-.217,.931);es="Linear";ed="In";};["Right Leg"]={cf=cfr(.127,.13,.014,.891,.138,-.432,-.074,.984,.163,.448,-.114,.887);es="Linear";ed="In";};["Head"]={cf=cfr(0,0,0,.978,.204,-.038,-.205,.977,-.05,.027,.057,.998);es="Linear";ed="In";};};{tm=.05;["Torso"]={cf=cfr(-.225,-.15,.012,.97,-.242,-.002,.24,.964,-.116,.03,.113,.993);es="Linear";ed="In";};["Left Leg"]={cf=cfr(-.67,.144,-.005,.999,-.045,.016,.042,.983,.176,-.023,-.175,.984);es="Linear";ed="In";};["Right Arm"]={cf=cfr(-.007,-.121,.071,.785,.028,-.618,.083,.985,.151,.613,-.17,.771);es="Linear";ed="In";};["Handle"]={cf=cfr(0,0,0,1,0,0,0,1,0,0,0,1);es="Linear";ed="In";};["Left Arm"]={cf=cfr(.002,-.112,.084,.954,-.003,.299,-.062,.976,.209,-.292,-.218,.931);es="Linear";ed="In";};["Right Leg"]={cf=cfr(.131,.132,.017,.891,.136,-.433,-.072,.984,.161,.448,-.113,.887);es="Linear";ed="In";};["Head"]={cf=cfr(0,0,0,.978,.204,-.035,-.205,.978,-.037,.027,.043,.999);es="Linear";ed="In";};};{tm=.067;["Torso"]={cf=cfr(-.225,-.156,.009,.97,-.242,-.002,.24,.963,-.122,.031,.118,.993);es="Linear";ed="In";};["Left Leg"]={cf=cfr(-.676,.148,-.003,.999,-.044,.016,.041,.984,.174,-.024,-.173,.985);es="Linear";ed="In";};["Right Arm"]={cf=cfr(-.009,-.122,.069,.789,.034,-.613,.072,.986,.147,.61,-.16,.776);es="Linear";ed="In";};["Handle"]={cf=cfr(0,0,0,1,0,0,0,1,0,0,0,1);es="Linear";ed="In";};["Left Arm"]={cf=cfr(.001,-.112,.084,.954,0,.3,-.066,.976,.209,-.292,-.219,.931);es="Linear";ed="In";};["Right Leg"]={cf=cfr(.135,.135,.021,.891,.133,-.433,-.07,.985,.159,.448,-.111,.887);es="Linear";ed="In";};["Head"]={cf=cfr(0,0,0,.978,.205,-.032,-.205,.978,-.024,.027,.03,.999);es="Linear";ed="In";};};{tm=.083;["Torso"]={cf=cfr(-.225,-.161,.006,.97,-.242,-.001,.24,.962,-.127,.032,.123,.992);es="Linear";ed="In";};["Left Leg"]={cf=cfr(-.683,.152,0,.999,-.044,.017,.04,.984,.172,-.024,-.171,.985);es="Linear";ed="In";};["Right Arm"]={cf=cfr(-.01,-.122,.066,.794,.038,-.606,.062,.988,.144,.604,-.152,.782);es="Linear";ed="In";};["Handle"]={cf=cfr(0,0,0,1,0,0,0,1,0,0,0,1);es="Linear";ed="In";};["Left Arm"]={cf=cfr(0,-.112,.084,.954,.005,.3,-.071,.975,.209,-.292,-.22,.931);es="Linear";ed="In";};["Right Leg"]={cf=cfr(.14,.139,.026,.891,.131,-.434,-.069,.985,.156,.448,-.109,.887);es="Linear";ed="In";};["Head"]={cf=cfr(0,0,0,.978,.205,-.029,-.205,.979,-.011,.026,.016,1);es="Linear";ed="In";};};{tm=.1;["Torso"]={cf=cfr(-.224,-.167,.002,.97,-.242,-.001,.24,.962,-.133,.033,.129,.991);es="Linear";ed="In";};["Left Leg"]={cf=cfr(-.692,.158,.002,.999,-.043,.017,.04,.985,.17,-.024,-.169,.985);es="Linear";ed="In";};["Right Arm"]={cf=cfr(-.011,-.122,.064,.8,.043,-.599,.053,.989,.141,.598,-.144,.788);es="Linear";ed="In";};["Handle"]={cf=cfr(0,0,0,1,0,0,0,1,0,0,0,1);es="Linear";ed="In";};["Left Arm"]={cf=cfr(-.002,-.112,.085,.953,.01,.301,-.076,.975,.208,-.292,-.222,.93);es="Linear";ed="In";};["Right Leg"]={cf=cfr(.146,.142,.031,.891,.13,-.435,-.069,.986,.154,.448,-.107,.887);es="Linear";ed="In";};["Head"]={cf=cfr(0,0,0,.978,.206,-.025,-.206,.979,.002,.025,.003,1);es="Linear";ed="In";};};{tm=.117;["Torso"]={cf=cfr(-.224,-.172,-.002,.97,-.242,-.001,.24,.961,-.138,.034,.134,.99);es="Linear";ed="In";};["Left Leg"]={cf=cfr(-.7,.163,.005,.999,-.044,.018,.04,.985,.168,-.025,-.167,.986);es="Linear";ed="In";};["Right Arm"]={cf=cfr(-.012,-.122,.063,.805,.047,-.591,.044,.989,.139,.591,-.138,.795);es="Linear";ed="In";};["Handle"]={cf=cfr(0,0,0,1,0,0,0,1,0,0,0,1);es="Linear";ed="In";};["Left Arm"]={cf=cfr(-.003,-.112,.085,.953,.016,.303,-.082,.975,.208,-.292,-.223,.93);es="Linear";ed="In";};["Right Leg"]={cf=cfr(.152,.147,.037,.891,.129,-.435,-.069,.986,.151,.449,-.105,.888);es="Linear";ed="In";};["Head"]={cf=cfr(0,0,0,.978,.206,-.021,-.206,.978,.015,.024,-.01,1);es="Linear";ed="In";};};{tm=.133;["Torso"]={cf=cfr(-.223,-.178,-.006,.97,-.242,0,.24,.96,-.144,.035,.139,.99);es="Linear";ed="In";};["Left Leg"]={cf=cfr(-.709,.169,.008,.999,-.044,.018,.04,.985,.165,-.025,-.164,.986);es="Linear";ed="In";};["Right Arm"]={cf=cfr(-.014,-.123,.061,.811,.051,-.582,.036,.99,.137,.583,-.132,.801);es="Linear";ed="In";};["Handle"]={cf=cfr(0,0,0,1,0,0,0,1,0,0,0,1);es="Linear";ed="In";};["Left Arm"]={cf=cfr(-.005,-.112,.085,.952,.022,.304,-.089,.974,.208,-.291,-.225,.93);es="Linear";ed="In";};["Right Leg"]={cf=cfr(.159,.151,.043,.891,.128,-.436,-.069,.987,.148,.449,-.102,.888);es="Linear";ed="In";};["Head"]={cf=cfr(0,0,0,.978,.206,-.017,-.206,.978,.026,.022,-.022,1);es="Linear";ed="In";};};{tm=.15;["Torso"]={cf=cfr(-.223,-.183,-.011,.97,-.242,0,.24,.959,-.149,.036,.145,.989);es="Linear";ed="In";};["Left Leg"]={cf=cfr(-.719,.175,.011,.999,-.045,.018,.041,.986,.163,-.025,-.162,.986);es="Linear";ed="In";};["Right Arm"]={cf=cfr(-.015,-.123,.06,.818,.055,-.573,.028,.99,.136,.575,-.127,.808);es="Linear";ed="In";};["Handle"]={cf=cfr(0,0,0,1,0,0,0,1,0,0,0,1);es="Linear";ed="In";};["Left Arm"]={cf=cfr(-.007,-.111,.086,.952,.029,.305,-.096,.973,.208,-.291,-.227,.929);es="Linear";ed="In";};["Right Leg"]={cf=cfr(.166,.156,.05,.891,.128,-.436,-.07,.987,.146,.449,-.099,.888);es="Linear";ed="In";};["Head"]={cf=cfr(0,0,0,.978,.207,-.014,-.206,.978,.036,.021,-.033,.999);es="Linear";ed="In";};};{tm=.167;["Torso"]={cf=cfr(-.223,-.188,-.016,.97,-.243,.001,.24,.959,-.154,.037,.15,.988);es="Linear";ed="In";};["Left Leg"]={cf=cfr(-.728,.182,.013,.999,-.046,.018,.042,.986,.161,-.026,-.16,.987);es="Linear";ed="In";};["Right Arm"]={cf=cfr(-.016,-.123,.059,.824,.059,-.564,.021,.991,.135,.566,-.123,.815);es="Linear";ed="In";};["Handle"]={cf=cfr(0,0,0,1,0,0,0,1,0,0,0,1);es="Linear";ed="In";};["Left Arm"]={cf=cfr(-.009,-.111,.087,.951,.037,.307,-.104,.973,.207,-.291,-.229,.929);es="Linear";ed="In";};["Right Leg"]={cf=cfr(.173,.161,.057,.891,.127,-.437,-.071,.987,.143,.449,-.096,.888);es="Linear";ed="In";};["Head"]={cf=cfr(0,0,0,.978,.207,-.01,-.206,.977,.045,.019,-.042,.999);es="Linear";ed="In";};};{tm=.183;["Torso"]={cf=cfr(-.222,-.193,-.021,.97,-.243,.001,.24,.958,-.159,.037,.155,.987);es="Linear";ed="In";};["Left Leg"]={cf=cfr(-.738,.188,.017,.999,-.047,.019,.044,.986,.159,-.026,-.158,.987);es="Linear";ed="In";};["Right Arm"]={cf=cfr(-.017,-.123,.058,.83,.063,-.554,.015,.991,.135,.557,-.121,.821);es="Linear";ed="In";};["Handle"]={cf=cfr(0,0,0,1,0,0,0,1,0,0,0,1);es="Linear";ed="In";};["Left Arm"]={cf=cfr(-.011,-.111,.087,.95,.044,.308,-.113,.972,.207,-.291,-.231,.928);es="Linear";ed="In";};["Right Leg"]={cf=cfr(.181,.166,.063,.89,.127,-.437,-.073,.988,.14,.449,-.093,.889);es="Linear";ed="In";};["Head"]={cf=cfr(0,0,0,.978,.207,-.007,-.207,.977,.053,.018,-.05,.999);es="Linear";ed="In";};};{tm=.2;["Torso"]={cf=cfr(-.221,-.198,-.027,.97,-.243,.002,.24,.957,-.164,.038,.159,.986);es="Linear";ed="In";};["Left Leg"]={cf=cfr(-.748,.195,.02,.999,-.049,.019,.045,.987,.156,-.026,-.155,.988);es="Linear";ed="In";};["Right Arm"]={cf=cfr(-.018,-.123,.058,.836,.067,-.545,.01,.991,.136,.549,-.119,.827);es="Linear";ed="In";};["Handle"]={cf=cfr(0,0,0,1,0,0,0,1,0,0,0,1);es="Linear";ed="In";};["Left Arm"]={cf=cfr(-.013,-.111,.088,.949,.053,.31,-.121,.971,.207,-.29,-.234,.928);es="Linear";ed="In";};["Right Leg"]={cf=cfr(.188,.171,.07,.89,.128,-.437,-.074,.988,.137,.449,-.089,.889);es="Linear";ed="In";};["Head"]={cf=cfr(0,0,0,.978,.208,-.005,-.207,.977,.059,.017,-.056,.998);es="Linear";ed="In";};};{tm=.217;["Torso"]={cf=cfr(-.221,-.202,-.032,.97,-.243,.002,.24,.956,-.168,.038,.164,.986);es="Linear";ed="In";};["Left Leg"]={cf=cfr(-.757,.202,.023,.999,-.051,.019,.047,.987,.155,-.027,-.153,.988);es="Linear";ed="In";};["Right Arm"]={cf=cfr(-.018,-.123,.058,.842,.07,-.536,.005,.99,.138,.54,-.119,.833);es="Linear";ed="In";};["Handle"]={cf=cfr(0,0,0,1,0,0,0,1,0,0,0,1);es="Linear";ed="In";};["Left Arm"]={cf=cfr(-.015,-.111,.088,.948,.061,.312,-.13,.97,.206,-.29,-.236,.928);es="Linear";ed="In";};["Right Leg"]={cf=cfr(.195,.176,.077,.89,.128,-.438,-.076,.988,.134,.45,-.086,.889);es="Linear";ed="In";};["Head"]={cf=cfr(0,0,0,.978,.208,-.002,-.207,.976,.062,.015,-.061,.998);es="Linear";ed="In";};};{tm=.233;["Torso"]={cf=cfr(-.22,-.206,-.038,.97,-.243,.003,.239,.956,-.172,.039,.168,.985);es="Linear";ed="In";};["Left Leg"]={cf=cfr(-.767,.209,.025,.998,-.053,.019,.05,.987,.153,-.027,-.152,.988);es="Linear";ed="In";};["Right Arm"]={cf=cfr(-.019,-.123,.058,.847,.073,-.527,.002,.99,.14,.532,-.12,.838);es="Linear";ed="In";};["Handle"]={cf=cfr(0,0,0,1,0,0,0,1,0,0,0,1);es="Linear";ed="In";};["Left Arm"]={cf=cfr(-.017,-.11,.089,.947,.069,.314,-.139,.969,.206,-.289,-.238,.927);es="Linear";ed="In";};["Right Leg"]={cf=cfr(.202,.181,.084,.89,.129,-.438,-.079,.988,.131,.45,-.082,.889);es="Linear";ed="In";};["Head"]={cf=cfr(0,0,0,.978,.208,-.001,-.207,.976,.064,.014,-.062,.998);es="Linear";ed="In";};};{tm=.25;["Torso"]={cf=cfr(-.219,-.21,-.044,.97,-.243,.004,.239,.955,-.176,.039,.171,.984);es="Linear";ed="In";};["Left Leg"]={cf=cfr(-.776,.215,.028,.998,-.056,.019,.052,.987,.152,-.027,-.15,.988);es="Linear";ed="In";};["Right Arm"]={cf=cfr(-.02,-.123,.058,.851,.074,-.52,.001,.99,.143,.525,-.122,.842);es="Linear";ed="In";};["Handle"]={cf=cfr(0,0,0,1,0,0,0,1,0,0,0,1);es="Linear";ed="In";};["Left Arm"]={cf=cfr(-.02,-.11,.09,.946,.078,.315,-.148,.967,.205,-.289,-.241,.927);es="Linear";ed="In";};["Right Leg"]={cf=cfr(.209,.185,.091,.889,.13,-.438,-.082,.988,.128,.45,-.079,.89);es="Linear";ed="In";};["Head"]={cf=cfr(0,0,0,.978,.208,-.001,-.207,.976,.063,.014,-.062,.998);es="Linear";ed="In";};};{tm=.267;["Torso"]={cf=cfr(-.218,-.212,-.049,.97,-.243,.005,.239,.954,-.178,.039,.174,.984);es="Linear";ed="In";};["Left Leg"]={cf=cfr(-.785,.222,.031,.998,-.058,.019,.055,.987,.15,-.028,-.149,.988);es="Linear";ed="In";};["Right Arm"]={cf=cfr(-.02,-.122,.059,.855,.075,-.513,.001,.989,.147,.518,-.126,.846);es="Linear";ed="In";};["Handle"]={cf=cfr(0,0,0,1,0,0,0,1,0,0,0,1);es="Linear";ed="In";};["Left Arm"]={cf=cfr(-.022,-.11,.09,.944,.086,.317,-.157,.966,.205,-.289,-.243,.926);es="Linear";ed="In";};["Right Leg"]={cf=cfr(.216,.189,.097,.889,.132,-.438,-.085,.988,.126,.45,-.075,.89);es="Linear";ed="In";};["Head"]={cf=cfr(0,0,0,.978,.208,-.001,-.207,.976,.06,.013,-.059,.998);es="Linear";ed="In";};};{tm=.283;["Torso"]={cf=cfr(-.218,-.214,-.054,.97,-.242,.006,.24,.954,-.181,.038,.176,.984);es="Linear";ed="In";};["Left Leg"]={cf=cfr(-.793,.228,.033,.998,-.062,.019,.058,.987,.15,-.028,-.148,.989);es="Linear";ed="In";};["Right Arm"]={cf=cfr(-.02,-.122,.061,.859,.075,-.507,.003,.988,.151,.512,-.132,.849);es="Linear";ed="In";};["Handle"]={cf=cfr(0,0,0,1,0,0,0,1,0,0,0,1);es="Linear";ed="In";};["Left Arm"]={cf=cfr(-.024,-.109,.091,.943,.095,.319,-.166,.965,.204,-.288,-.246,.926);es="Linear";ed="In";};["Right Leg"]={cf=cfr(.223,.193,.103,.889,.134,-.438,-.088,.988,.123,.449,-.071,.89);es="Linear";ed="In";};["Head"]={cf=cfr(0,0,0,.978,.208,-.002,-.207,.977,.055,.013,-.053,.999);es="Linear";ed="In";};};{tm=.3;["Torso"]={cf=cfr(-.217,-.216,-.059,.97,-.242,.007,.24,.954,-.182,.038,.178,.983);es="Linear";ed="In";};["Left Leg"]={cf=cfr(-.801,.234,.035,.998,-.065,.019,.062,.987,.149,-.028,-.148,.989);es="Linear";ed="In";};["Right Arm"]={cf=cfr(-.019,-.122,.063,.862,.073,-.502,.007,.988,.157,.507,-.139,.851);es="Linear";ed="In";};["Handle"]={cf=cfr(0,0,0,1,0,0,0,1,0,0,0,1);es="Linear";ed="In";};["Left Arm"]={cf=cfr(-.026,-.109,.091,.942,.103,.32,-.175,.963,.204,-.288,-.248,.925);es="Linear";ed="In";};["Right Leg"]={cf=cfr(.229,.196,.109,.889,.137,-.438,-.092,.988,.121,.449,-.067,.891);es="Linear";ed="In";};["Head"]={cf=cfr(0,0,0,.978,.208,-.004,-.207,.977,.047,.013,-.045,.999);es="Linear";ed="In";};};{tm=.317;["Torso"]={cf=cfr(-.216,-.217,-.064,.97,-.242,.008,.24,.954,-.183,.037,.179,.983);es="Linear";ed="In";};["Left Leg"]={cf=cfr(-.809,.239,.037,.997,-.069,.018,.065,.987,.149,-.029,-.147,.989);es="Linear";ed="In";};["Right Arm"]={cf=cfr(-.018,-.122,.065,.865,.07,-.498,.013,.987,.162,.502,-.146,.852);es="Linear";ed="In";};["Handle"]={cf=cfr(0,0,0,1,0,0,0,1,0,0,0,1);es="Linear";ed="In";};["Left Arm"]={cf=cfr(-.028,-.108,.092,.94,.111,.322,-.183,.962,.203,-.287,-.25,.925);es="Linear";ed="In";};["Right Leg"]={cf=cfr(.235,.199,.114,.888,.139,-.438,-.097,.988,.119,.449,-.063,.891);es="Linear";ed="In";};["Head"]={cf=cfr(0,0,0,.978,.208,-.006,-.207,.978,.038,.014,-.036,.999);es="Linear";ed="In";};};{tm=.333;["Torso"]={cf=cfr(-.215,-.217,-.069,.97,-.242,.009,.24,.953,-.183,.036,.179,.983);es="Linear";ed="In";};["Left Leg"]={cf=cfr(-.816,.244,.039,.997,-.073,.018,.07,.986,.149,-.029,-.147,.989);es="Linear";ed="In";};["Right Arm"]={cf=cfr(-.017,-.122,.067,.867,.066,-.494,.019,.986,.166,.498,-.154,.853);es="Linear";ed="In";};["Handle"]={cf=cfr(0,0,0,1,0,0,0,1,0,0,0,1);es="Linear";ed="In";};["Left Arm"]={cf=cfr(-.03,-.108,.093,.939,.119,.324,-.192,.96,.203,-.287,-.252,.924);es="Linear";ed="In";};["Right Leg"]={cf=cfr(.24,.202,.119,.888,.143,-.438,-.101,.988,.117,.449,-.06,.892);es="Linear";ed="In";};["Head"]={cf=cfr(0,0,0,.978,.207,-.009,-.207,.978,.027,.015,-.024,1);es="Linear";ed="In";};};{tm=.35;["Torso"]={cf=cfr(-.214,-.216,-.073,.97,-.242,.01,.24,.954,-.182,.035,.179,.983);es="Linear";ed="In";};["Left Leg"]={cf=cfr(-.822,.249,.04,.997,-.077,.018,.074,.986,.149,-.029,-.148,.989);es="Linear";ed="In";};["Right Arm"]={cf=cfr(-.016,-.121,.069,.869,.061,-.491,.027,.985,.17,.494,-.161,.855);es="Linear";ed="In";};["Handle"]={cf=cfr(0,0,0,1,0,0,0,1,0,0,0,1);es="Linear";ed="In";};["Left Arm"]={cf=cfr(-.032,-.108,.093,.937,.126,.325,-.199,.959,.202,-.286,-.254,.924);es="Linear";ed="In";};["Right Leg"]={cf=cfr(.245,.204,.124,.887,.146,-.437,-.106,.988,.115,.449,-.056,.892);es="Linear";ed="In";};["Head"]={cf=cfr(0,0,0,.978,.207,-.013,-.207,.978,.014,.015,-.011,1);es="Linear";ed="In";};};{tm=.367;["Torso"]={cf=cfr(-.213,-.215,-.077,.97,-.242,.011,.24,.954,-.181,.034,.179,.983);es="Linear";ed="In";};["Left Leg"]={cf=cfr(-.828,.253,.042,.996,-.082,.018,.078,.986,.15,-.03,-.148,.989);es="Linear";ed="In";};["Right Arm"]={cf=cfr(-.014,-.121,.071,.871,.055,-.488,.035,.984,.173,.49,-.168,.855);es="Linear";ed="In";};["Handle"]={cf=cfr(0,0,0,1,0,0,0,1,0,0,0,1);es="Linear";ed="In";};["Left Arm"]={cf=cfr(-.034,-.107,.094,.936,.133,.326,-.207,.957,.202,-.286,-.256,.923);es="Linear";ed="In";};["Right Leg"]={cf=cfr(.25,.205,.128,.887,.15,-.437,-.111,.987,.114,.448,-.053,.892);es="Linear";ed="In";};["Head"]={cf=cfr(0,0,0,.978,.207,-.017,-.207,.978,.001,.016,.003,1);es="Linear";ed="In";};};{tm=.383;["Torso"]={cf=cfr(-.212,-.214,-.08,.97,-.242,.011,.24,.954,-.18,.033,.177,.984);es="Linear";ed="In";};["Left Leg"]={cf=cfr(-.834,.256,.043,.996,-.087,.017,.083,.985,.15,-.03,-.148,.988);es="Linear";ed="In";};["Right Arm"]={cf=cfr(-.013,-.121,.072,.873,.048,-.486,.044,.983,.176,.486,-.175,.856);es="Linear";ed="In";};["Handle"]={cf=cfr(0,0,0,1,0,0,0,1,0,0,0,1);es="Linear";ed="In";};["Left Arm"]={cf=cfr(-.036,-.107,.094,.934,.139,.328,-.213,.956,.201,-.285,-.258,.923);es="Linear";ed="In";};["Right Leg"]={cf=cfr(.254,.206,.132,.886,.154,-.437,-.116,.987,.113,.448,-.049,.893);es="Linear";ed="In";};["Head"]={cf=cfr(0,0,0,.978,.206,-.021,-.206,.978,-.014,.018,.018,1);es="Linear";ed="In";};};{tm=.4;["Torso"]={cf=cfr(-.211,-.212,-.083,.97,-.242,.012,.24,.954,-.178,.031,.175,.984);es="Linear";ed="In";};["Left Leg"]={cf=cfr(-.839,.258,.044,.996,-.091,.017,.088,.985,.151,-.03,-.149,.988);es="Linear";ed="In";};["Right Arm"]={cf=cfr(-.011,-.121,.074,.875,.04,-.483,.053,.982,.178,.482,-.182,.857);es="Linear";ed="In";};["Handle"]={cf=cfr(0,0,0,1,0,0,0,1,0,0,0,1);es="Linear";ed="In";};["Left Arm"]={cf=cfr(-.037,-.107,.095,.933,.145,.329,-.219,.955,.201,-.285,-.26,.923);es="Linear";ed="In";};["Right Leg"]={cf=cfr(.258,.207,.135,.886,.158,-.436,-.121,.986,.112,.448,-.046,.893);es="Linear";ed="In";};["Head"]={cf=cfr(0,0,0,.978,.206,-.025,-.206,.978,-.029,.019,.033,.999);es="Linear";ed="In";};};{tm=.417;["Torso"]={cf=cfr(-.21,-.209,-.086,.97,-.242,.013,.241,.955,-.175,.03,.173,.984);es="Linear";ed="In";};["Left Leg"]={cf=cfr(-.844,.26,.044,.995,-.096,.016,.093,.984,.152,-.031,-.15,.988);es="Linear";ed="In";};["Right Arm"]={cf=cfr(-.008,-.12,.076,.876,.032,-.481,.063,.982,.18,.478,-.188,.858);es="Linear";ed="In";};["Handle"]={cf=cfr(0,0,0,1,0,0,0,1,0,0,0,1);es="Linear";ed="In";};["Left Arm"]={cf=cfr(-.039,-.106,.095,.932,.15,.33,-.225,.954,.201,-.284,-.261,.922);es="Linear";ed="In";};["Right Leg"]={cf=cfr(.262,.207,.138,.885,.162,-.436,-.126,.986,.111,.447,-.043,.893);es="Linear";ed="In";};["Head"]={cf=cfr(0,0,0,.978,.205,-.03,-.206,.978,-.045,.02,.05,.999);es="Linear";ed="In";};};{tm=.433;["Torso"]={cf=cfr(-.21,-.206,-.088,.97,-.242,.014,.241,.955,-.172,.029,.17,.985);es="Linear";ed="In";};["Left Leg"]={cf=cfr(-.848,.261,.045,.995,-.101,.016,.098,.983,.153,-.031,-.151,.988);es="Linear";ed="In";};["Right Arm"]={cf=cfr(-.006,-.12,.078,.878,.023,-.478,.073,.981,.182,.473,-.195,.859);es="Linear";ed="In";};["Handle"]={cf=cfr(0,0,0,1,0,0,0,1,0,0,0,1);es="Linear";ed="In";};["Left Arm"]={cf=cfr(-.04,-.106,.095,.931,.154,.331,-.229,.953,.2,-.284,-.262,.922);es="Linear";ed="In";};["Right Leg"]={cf=cfr(.265,.207,.14,.885,.167,-.435,-.131,.985,.111,.447,-.041,.894);es="Linear";ed="In";};["Head"]={cf=cfr(0,0,0,.978,.204,-.034,-.206,.977,-.061,.021,.066,.998);es="Linear";ed="In";};};{tm=.45;["Torso"]={cf=cfr(-.209,-.202,-.089,.97,-.242,.014,.241,.956,-.168,.027,.167,.986);es="Linear";ed="In";};["Left Leg"]={cf=cfr(-.851,.261,.045,.994,-.106,.015,.103,.983,.154,-.031,-.152,.988);es="Linear";ed="In";};["Right Arm"]={cf=cfr(-.004,-.12,.079,.879,.014,-.476,.083,.98,.183,.469,-.201,.86);es="Linear";ed="In";};["Handle"]={cf=cfr(0,0,0,1,0,0,0,1,0,0,0,1);es="Linear";ed="In";};["Left Arm"]={cf=cfr(-.041,-.106,.096,.93,.158,.331,-.233,.952,.2,-.284,-.263,.922);es="Linear";ed="In";};["Right Leg"]={cf=cfr(.267,.206,.142,.884,.171,-.435,-.136,.984,.111,.447,-.039,.894);es="Linear";ed="In";};["Head"]={cf=cfr(0,0,0,.978,.203,-.039,-.206,.976,-.077,.022,.083,.996);es="Linear";ed="In";};};{tm=.467;["Torso"]={cf=cfr(-.209,-.198,-.09,.97,-.242,.014,.241,.956,-.164,.026,.163,.986);es="Linear";ed="In";};["Left Leg"]={cf=cfr(-.853,.261,.045,.994,-.111,.014,.107,.982,.156,-.031,-.153,.988);es="Linear";ed="In";};["Right Arm"]={cf=cfr(-.001,-.12,.081,.881,.005,-.473,.093,.978,.184,.463,-.207,.862);es="Linear";ed="In";};["Handle"]={cf=cfr(0,0,0,1,0,0,0,1,0,0,0,1);es="Linear";ed="In";};["Left Arm"]={cf=cfr(-.041,-.106,.096,.93,.16,.332,-.236,.951,.2,-.284,-.264,.922);es="Linear";ed="In";};["Right Leg"]={cf=cfr(.269,.204,.143,.884,.176,-.434,-.141,.984,.111,.447,-.037,.894);es="Linear";ed="In";};["Head"]={cf=cfr(0,0,0,.978,.202,-.043,-.206,.974,-.093,.024,.099,.995);es="Linear";ed="In";};};{tm=.483;["Torso"]={cf=cfr(-.209,-.194,-.09,.97,-.242,.015,.241,.957,-.16,.025,.159,.987);es="Linear";ed="In";};["Left Leg"]={cf=cfr(-.855,.259,.045,.993,-.116,.014,.112,.981,.157,-.032,-.154,.987);es="Linear";ed="In";};["Right Arm"]={cf=cfr(.001,-.119,.082,.883,-.004,-.469,.103,.977,.186,.457,-.212,.864);es="Linear";ed="In";};["Handle"]={cf=cfr(0,0,0,1,0,0,0,1,0,0,0,1);es="Linear";ed="In";};["Left Arm"]={cf=cfr(-.042,-.105,.096,.929,.162,.332,-.237,.951,.2,-.283,-.264,.922);es="Linear";ed="In";};["Right Leg"]={cf=cfr(.271,.202,.144,.883,.18,-.434,-.146,.983,.112,.446,-.035,.894);es="Linear";ed="In";};["Head"]={cf=cfr(0,0,0,.978,.201,-.048,-.206,.973,-.108,.025,.116,.993);es="Linear";ed="In";};};{tm=.5;["Torso"]={cf=cfr(-.209,-.189,-.09,.97,-.242,.015,.241,.958,-.155,.023,.154,.988);es="Linear";ed="In";};["Left Leg"]={cf=cfr(-.855,.257,.044,.993,-.12,.013,.117,.98,.159,-.032,-.156,.987);es="Linear";ed="In";};["Right Arm"]={cf=cfr(.003,-.119,.084,.886,-.013,-.464,.112,.976,.187,.451,-.218,.866);es="Linear";ed="In";};["Handle"]={cf=cfr(0,0,0,1,0,0,0,1,0,0,0,1);es="Linear";ed="In";};["Left Arm"]={cf=cfr(-.042,-.105,.096,.929,.163,.332,-.238,.951,.2,-.283,-.265,.922);es="Linear";ed="In";};["Right Leg"]={cf=cfr(.271,.2,.144,.882,.185,-.433,-.151,.982,.113,.446,-.034,.894);es="Linear";ed="In";};["Head"]={cf=cfr(0,0,0,.978,.2,-.052,-.205,.971,-.123,.026,.131,.991);es="Linear";ed="In";};};{tm=.517;["Torso"]={cf=cfr(-.209,-.184,-.089,.97,-.242,.014,.242,.959,-.15,.022,.149,.989);es="Linear";ed="In";};["Left Leg"]={cf=cfr(-.855,.253,.043,.992,-.124,.012,.121,.98,.16,-.032,-.157,.987);es="Linear";ed="In";};["Right Arm"]={cf=cfr(.006,-.119,.085,.888,-.022,-.459,.121,.975,.188,.443,-.223,.868);es="Linear";ed="In";};["Handle"]={cf=cfr(0,0,0,1,0,0,0,1,0,0,0,1);es="Linear";ed="In";};["Left Arm"]={cf=cfr(-.042,-.105,.096,.929,.162,.332,-.237,.951,.2,-.283,-.264,.922);es="Linear";ed="In";};["Right Leg"]={cf=cfr(.271,.197,.143,.882,.189,-.432,-.155,.981,.114,.446,-.034,.894);es="Linear";ed="In";};["Head"]={cf=cfr(0,0,0,.978,.2,-.056,-.205,.969,-.137,.026,.146,.989);es="Linear";ed="In";};};{tm=.533;["Torso"]={cf=cfr(-.209,-.178,-.087,.97,-.242,.014,.242,.96,-.144,.021,.143,.989);es="Linear";ed="In";};["Left Leg"]={cf=cfr(-.853,.249,.042,.992,-.128,.011,.125,.979,.161,-.032,-.159,.987);es="Linear";ed="In";};["Right Arm"]={cf=cfr(.008,-.118,.086,.891,-.03,-.453,.13,.973,.189,.436,-.228,.871);es="Linear";ed="In";};["Handle"]={cf=cfr(0,0,0,1,0,0,0,1,0,0,0,1);es="Linear";ed="In";};["Left Arm"]={cf=cfr(-.041,-.106,.096,.93,.16,.332,-.236,.951,.2,-.284,-.264,.922);es="Linear";ed="In";};["Right Leg"]={cf=cfr(.271,.194,.141,.881,.194,-.432,-.159,.98,.116,.446,-.034,.894);es="Linear";ed="In";};["Head"]={cf=cfr(0,0,0,.978,.199,-.059,-.205,.967,-.151,.027,.159,.987);es="Linear";ed="In";};};{tm=.55;["Torso"]={cf=cfr(-.21,-.172,-.084,.97,-.242,.014,.242,.96,-.138,.02,.137,.99);es="Linear";ed="In";};["Left Leg"]={cf=cfr(-.851,.244,.041,.991,-.132,.011,.128,.978,.163,-.032,-.16,.987);es="Linear";ed="In";};["Right Arm"]={cf=cfr(.01,-.118,.087,.894,-.038,-.447,.137,.972,.191,.427,-.232,.874);es="Linear";ed="In";};["Handle"]={cf=cfr(0,0,0,1,0,0,0,1,0,0,0,1);es="Linear";ed="In";};["Left Arm"]={cf=cfr(-.041,-.106,.096,.93,.158,.331,-.233,.952,.2,-.284,-.263,.922);es="Linear";ed="In";};["Right Leg"]={cf=cfr(.269,.191,.139,.88,.198,-.431,-.162,.98,.118,.446,-.034,.894);es="Linear";ed="In";};["Head"]={cf=cfr(0,0,0,.978,.198,-.062,-.205,.965,-.163,.028,.172,.985);es="Linear";ed="In";};};{tm=.567;["Torso"]={cf=cfr(-.21,-.166,-.082,.97,-.242,.013,.242,.961,-.132,.02,.131,.991);es="Linear";ed="In";};["Left Leg"]={cf=cfr(-.848,.239,.039,.991,-.135,.01,.131,.978,.165,-.032,-.162,.986);es="Linear";ed="In";};["Right Arm"]={cf=cfr(.012,-.118,.088,.897,-.046,-.441,.145,.971,.192,.419,-.236,.877);es="Linear";ed="In";};["Handle"]={cf=cfr(0,0,0,1,0,0,0,1,0,0,0,1);es="Linear";ed="In";};["Left Arm"]={cf=cfr(-.04,-.106,.095,.931,.154,.331,-.229,.953,.2,-.284,-.262,.922);es="Linear";ed="In";};["Right Leg"]={cf=cfr(.267,.187,.136,.88,.202,-.43,-.166,.979,.121,.446,-.035,.894);es="Linear";ed="In";};["Head"]={cf=cfr(0,0,0,.978,.197,-.065,-.205,.963,-.175,.028,.184,.983);es="Linear";ed="In";};};{tm=.583;["Torso"]={cf=cfr(-.211,-.16,-.078,.97,-.242,.012,.242,.962,-.126,.019,.125,.992);es="Linear";ed="In";};["Left Leg"]={cf=cfr(-.844,.233,.038,.99,-.138,.009,.134,.977,.166,-.032,-.163,.986);es="Linear";ed="In";};["Right Arm"]={cf=cfr(.014,-.117,.089,.899,-.054,-.434,.151,.969,.194,.41,-.24,.88);es="Linear";ed="In";};["Handle"]={cf=cfr(0,0,0,1,0,0,0,1,0,0,0,1);es="Linear";ed="In";};["Left Arm"]={cf=cfr(-.039,-.106,.095,.932,.15,.33,-.225,.954,.201,-.284,-.261,.922);es="Linear";ed="In";};["Right Leg"]={cf=cfr(.264,.183,.133,.879,.206,-.43,-.168,.978,.124,.446,-.036,.894);es="Linear";ed="In";};["Head"]={cf=cfr(0,0,0,.978,.196,-.067,-.205,.961,-.185,.028,.195,.98);es="Linear";ed="In";};};{tm=.6;["Torso"]={cf=cfr(-.212,-.154,-.075,.97,-.242,.011,.242,.963,-.12,.018,.119,.993);es="Linear";ed="In";};["Left Leg"]={cf=cfr(-.839,.226,.036,.99,-.14,.008,.136,.976,.168,-.032,-.165,.986);es="Linear";ed="In";};["Right Arm"]={cf=cfr(.016,-.117,.09,.902,-.061,-.428,.158,.968,.195,.402,-.244,.883);es="Linear";ed="In";};["Handle"]={cf=cfr(0,0,0,1,0,0,0,1,0,0,0,1);es="Linear";ed="In";};["Left Arm"]={cf=cfr(-.037,-.107,.095,.933,.145,.329,-.219,.955,.201,-.285,-.26,.923);es="Linear";ed="In";};["Right Leg"]={cf=cfr(.261,.179,.129,.879,.209,-.429,-.171,.977,.127,.446,-.038,.894);es="Linear";ed="In";};["Head"]={cf=cfr(0,0,0,.978,.195,-.069,-.205,.959,-.194,.028,.204,.978);es="Linear";ed="In";};};{tm=.617;["Torso"]={cf=cfr(-.213,-.148,-.07,.97,-.242,.01,.242,.964,-.114,.018,.113,.993);es="Linear";ed="In";};["Left Leg"]={cf=cfr(-.833,.219,.034,.99,-.142,.008,.138,.976,.169,-.031,-.166,.986);es="Linear";ed="In";};["Right Arm"]={cf=cfr(.018,-.116,.091,.904,-.067,-.422,.163,.967,.197,.395,-.247,.885);es="Linear";ed="In";};["Handle"]={cf=cfr(0,0,0,1,0,0,0,1,0,0,0,1);es="Linear";ed="In";};["Left Arm"]={cf=cfr(-.036,-.107,.094,.934,.139,.328,-.213,.956,.201,-.285,-.258,.923);es="Linear";ed="In";};["Right Leg"]={cf=cfr(.257,.175,.125,.878,.212,-.428,-.172,.976,.13,.446,-.04,.894);es="Linear";ed="In";};["Head"]={cf=cfr(0,0,0,.978,.195,-.071,-.205,.957,-.203,.028,.213,.977);es="Linear";ed="In";};};{tm=.633;["Torso"]={cf=cfr(-.214,-.142,-.066,.97,-.242,.009,.242,.964,-.108,.017,.107,.994);es="Linear";ed="In";};["Left Leg"]={cf=cfr(-.826,.213,.032,.99,-.143,.007,.139,.975,.171,-.031,-.168,.985);es="Linear";ed="In";};["Right Arm"]={cf=cfr(.019,-.116,.092,.906,-.073,-.416,.168,.966,.198,.388,-.25,.887);es="Linear";ed="In";};["Handle"]={cf=cfr(0,0,0,1,0,0,0,1,0,0,0,1);es="Linear";ed="In";};["Left Arm"]={cf=cfr(-.034,-.107,.094,.936,.133,.326,-.207,.957,.202,-.286,-.256,.923);es="Linear";ed="In";};["Right Leg"]={cf=cfr(.253,.171,.12,.878,.214,-.428,-.173,.976,.133,.446,-.043,.894);es="Linear";ed="In";};["Head"]={cf=cfr(0,0,0,.978,.194,-.072,-.205,.956,-.21,.028,.22,.975);es="Linear";ed="In";};};{tm=.65;["Torso"]={cf=cfr(-.215,-.136,-.061,.97,-.243,.008,.242,.965,-.102,.017,.101,.995);es="Linear";ed="In";};["Left Leg"]={cf=cfr(-.819,.206,.029,.99,-.143,.006,.14,.975,.172,-.031,-.169,.985);es="Linear";ed="In";};["Right Arm"]={cf=cfr(.02,-.116,.093,.908,-.078,-.412,.173,.965,.199,.382,-.252,.889);es="Linear";ed="In";};["Handle"]={cf=cfr(0,0,0,1,0,0,0,1,0,0,0,1);es="Linear";ed="In";};["Left Arm"]={cf=cfr(-.032,-.108,.093,.937,.126,.325,-.199,.959,.202,-.286,-.254,.924);es="Linear";ed="In";};["Right Leg"]={cf=cfr(.247,.167,.114,.878,.216,-.427,-.174,.975,.136,.446,-.045,.894);es="Linear";ed="In";};["Head"]={cf=cfr(0,0,0,.978,.194,-.073,-.205,.955,-.216,.028,.226,.974);es="Linear";ed="In";};};{tm=.667;["Torso"]={cf=cfr(-.216,-.131,-.057,.97,-.243,.007,.242,.965,-.097,.017,.096,.995);es="Linear";ed="In";};["Left Leg"]={cf=cfr(-.81,.199,.027,.99,-.143,.006,.14,.975,.173,-.031,-.171,.985);es="Linear";ed="In";};["Right Arm"]={cf=cfr(.022,-.116,.093,.909,-.082,-.408,.177,.964,.2,.377,-.254,.891);es="Linear";ed="In";};["Handle"]={cf=cfr(0,0,0,1,0,0,0,1,0,0,0,1);es="Linear";ed="In";};["Left Arm"]={cf=cfr(-.03,-.108,.093,.939,.119,.324,-.192,.96,.203,-.287,-.252,.924);es="Linear";ed="In";};["Right Leg"]={cf=cfr(.242,.163,.109,.878,.217,-.427,-.174,.975,.14,.446,-.048,.894);es="Linear";ed="In";};["Head"]={cf=cfr(0,0,0,.978,.194,-.074,-.205,.953,-.221,.028,.231,.972);es="Linear";ed="In";};};{tm=.683;["Torso"]={cf=cfr(-.218,-.126,-.052,.97,-.243,.006,.242,.966,-.092,.017,.091,.996);es="Linear";ed="In";};["Left Leg"]={cf=cfr(-.802,.192,.024,.99,-.142,.005,.139,.975,.175,-.03,-.172,.985);es="Linear";ed="In";};["Right Arm"]={cf=cfr(.023,-.115,.094,.91,-.086,-.406,.18,.963,.201,.374,-.256,.891);es="Linear";ed="In";};["Handle"]={cf=cfr(0,0,0,1,0,0,0,1,0,0,0,1);es="Linear";ed="In";};["Left Arm"]={cf=cfr(-.028,-.108,.092,.94,.111,.322,-.183,.962,.203,-.287,-.25,.925);es="Linear";ed="In";};["Right Leg"]={cf=cfr(.235,.16,.102,.878,.218,-.426,-.173,.975,.143,.446,-.052,.893);es="Linear";ed="In";};["Head"]={cf=cfr(0,0,0,.978,.193,-.074,-.205,.953,-.224,.027,.235,.972);es="Linear";ed="In";};};{tm=.7;["Torso"]={cf=cfr(-.219,-.122,-.047,.97,-.243,.005,.242,.966,-.088,.017,.086,.996);es="Linear";ed="In";};["Left Leg"]={cf=cfr(-.792,.185,.021,.99,-.14,.005,.137,.975,.176,-.03,-.174,.984);es="Linear";ed="In";};["Right Arm"]={cf=cfr(.023,-.115,.094,.91,-.089,-.405,.183,.962,.201,.372,-.258,.892);es="Linear";ed="In";};["Handle"]={cf=cfr(0,0,0,1,0,0,0,1,0,0,0,1);es="Linear";ed="In";};["Left Arm"]={cf=cfr(-.026,-.109,.091,.942,.103,.32,-.175,.963,.204,-.288,-.248,.925);es="Linear";ed="In";};["Right Leg"]={cf=cfr(.228,.156,.096,.878,.218,-.426,-.171,.974,.146,.446,-.056,.893);es="Linear";ed="In";};["Head"]={cf=cfr(0,0,0,.978,.193,-.074,-.205,.952,-.226,.027,.237,.971);es="Linear";ed="In";};};{tm=.717;["Torso"]={cf=cfr(-.22,-.118,-.041,.97,-.243,.004,.242,.967,-.084,.017,.082,.996);es="Linear";ed="In";};["Left Leg"]={cf=cfr(-.782,.179,.019,.99,-.138,.005,.135,.975,.177,-.029,-.175,.984);es="Linear";ed="In";};["Right Arm"]={cf=cfr(.024,-.115,.094,.909,-.09,-.406,.186,.962,.202,.372,-.259,.891);es="Linear";ed="In";};["Handle"]={cf=cfr(0,0,0,1,0,0,0,1,0,0,0,1);es="Linear";ed="In";};["Left Arm"]={cf=cfr(-.024,-.109,.091,.943,.095,.319,-.166,.965,.204,-.288,-.246,.926);es="Linear";ed="In";};["Right Leg"]={cf=cfr(.221,.152,.089,.879,.217,-.425,-.169,.974,.149,.447,-.06,.893);es="Linear";ed="In";};["Head"]={cf=cfr(0,0,0,.978,.193,-.074,-.205,.952,-.227,.027,.237,.971);es="Linear";ed="In";};};{tm=.733;["Torso"]={cf=cfr(-.221,-.115,-.036,.97,-.243,.002,.242,.967,-.081,.017,.079,.997);es="Linear";ed="In";};["Left Leg"]={cf=cfr(-.771,.173,.016,.991,-.135,.005,.132,.975,.178,-.029,-.176,.984);es="Linear";ed="In";};["Right Arm"]={cf=cfr(.024,-.115,.095,.908,-.091,-.409,.187,.961,.201,.375,-.259,.89);es="Linear";ed="In";};["Handle"]={cf=cfr(0,0,0,1,0,0,0,1,0,0,0,1);es="Linear";ed="In";};["Left Arm"]={cf=cfr(-.022,-.11,.09,.944,.086,.317,-.157,.966,.205,-.289,-.243,.926);es="Linear";ed="In";};["Right Leg"]={cf=cfr(.214,.149,.083,.879,.216,-.425,-.166,.974,.152,.447,-.064,.892);es="Linear";ed="In";};["Head"]={cf=cfr(0,0,0,.978,.194,-.074,-.205,.952,-.226,.026,.237,.971);es="Linear";ed="In";};};{tm=.75;["Torso"]={cf=cfr(-.222,-.112,-.031,.97,-.243,.001,.242,.967,-.078,.018,.076,.997);es="Linear";ed="In";};["Left Leg"]={cf=cfr(-.76,.168,.013,.991,-.131,.005,.128,.975,.179,-.028,-.177,.984);es="Linear";ed="In";};["Right Arm"]={cf=cfr(.024,-.115,.095,.906,-.091,-.414,.189,.961,.201,.379,-.26,.888);es="Linear";ed="In";};["Handle"]={cf=cfr(0,0,0,1,0,0,0,1,0,0,0,1);es="Linear";ed="In";};["Left Arm"]={cf=cfr(-.02,-.11,.09,.946,.078,.315,-.148,.967,.205,-.289,-.241,.927);es="Linear";ed="In";};["Right Leg"]={cf=cfr(.206,.146,.076,.88,.214,-.425,-.162,.975,.155,.447,-.068,.892);es="Linear";ed="In";};["Head"]={cf=cfr(0,0,0,.978,.194,-.073,-.205,.953,-.224,.026,.234,.972);es="Linear";ed="In";};};{tm=.767;["Torso"]={cf=cfr(-.223,-.111,-.026,.97,-.243,.001,.242,.967,-.077,.018,.074,.997);es="Linear";ed="In";};["Left Leg"]={cf=cfr(-.75,.162,.01,.992,-.126,.005,.123,.976,.18,-.028,-.178,.984);es="Linear";ed="In";};["Right Arm"]={cf=cfr(.024,-.115,.095,.903,-.09,-.421,.189,.961,.2,.386,-.26,.885);es="Linear";ed="In";};["Handle"]={cf=cfr(0,0,0,1,0,0,0,1,0,0,0,1);es="Linear";ed="In";};["Left Arm"]={cf=cfr(-.017,-.11,.089,.947,.069,.314,-.139,.969,.206,-.289,-.238,.927);es="Linear";ed="In";};["Right Leg"]={cf=cfr(.198,.143,.069,.881,.211,-.425,-.157,.975,.158,.447,-.072,.892);es="Linear";ed="In";};["Head"]={cf=cfr(0,0,0,.978,.194,-.071,-.206,.954,-.22,.025,.23,.973);es="Linear";ed="In";};};{tm=.783;["Torso"]={cf=cfr(-.224,-.11,-.021,.97,-.243,0,.242,.967,-.076,.019,.073,.997);es="Linear";ed="In";};["Left Leg"]={cf=cfr(-.739,.158,.008,.993,-.121,.005,.118,.976,.181,-.027,-.179,.983);es="Linear";ed="In";};["Right Arm"]={cf=cfr(.023,-.115,.094,.898,-.088,-.43,.189,.962,.198,.396,-.259,.881);es="Linear";ed="In";};["Handle"]={cf=cfr(0,0,0,1,0,0,0,1,0,0,0,1);es="Linear";ed="In";};["Left Arm"]={cf=cfr(-.015,-.111,.088,.948,.061,.312,-.13,.97,.206,-.29,-.236,.928);es="Linear";ed="In";};["Right Leg"]={cf=cfr(.191,.141,.062,.881,.207,-.425,-.152,.975,.16,.447,-.076,.891);es="Linear";ed="In";};["Head"]={cf=cfr(0,0,0,.978,.195,-.07,-.206,.955,-.215,.025,.224,.974);es="Linear";ed="In";};};{tm=.8;["Torso"]={cf=cfr(-.224,-.109,-.016,.97,-.243,-.001,.242,.967,-.075,.019,.073,.997);es="Linear";ed="In";};["Left Leg"]={cf=cfr(-.728,.153,.005,.993,-.115,.006,.113,.977,.182,-.026,-.18,.983);es="Linear";ed="In";};["Right Arm"]={cf=cfr(.022,-.115,.094,.893,-.085,-.442,.188,.962,.196,.409,-.258,.875);es="Linear";ed="In";};["Handle"]={cf=cfr(0,0,0,1,0,0,0,1,0,0,0,1);es="Linear";ed="In";};["Left Arm"]={cf=cfr(-.013,-.111,.088,.949,.053,.31,-.121,.971,.207,-.29,-.234,.928);es="Linear";ed="In";};["Right Leg"]={cf=cfr(.183,.138,.055,.882,.203,-.425,-.146,.976,.162,.447,-.081,.891);es="Linear";ed="In";};["Head"]={cf=cfr(0,0,0,.978,.196,-.068,-.206,.957,-.207,.024,.216,.976);es="Linear";ed="In";};};{tm=.817;["Torso"]={cf=cfr(-.225,-.109,-.011,.97,-.243,-.002,.242,.967,-.075,.02,.073,.997);es="Linear";ed="In";};["Left Leg"]={cf=cfr(-.718,.149,.003,.994,-.11,.006,.107,.977,.182,-.026,-.181,.983);es="Linear";ed="In";};["Right Arm"]={cf=cfr(.021,-.116,.094,.886,-.08,-.457,.187,.963,.193,.425,-.257,.868);es="Linear";ed="In";};["Handle"]={cf=cfr(0,0,0,1,0,0,0,1,0,0,0,1);es="Linear";ed="In";};["Left Arm"]={cf=cfr(-.011,-.111,.087,.95,.044,.308,-.113,.972,.207,-.291,-.231,.928);es="Linear";ed="In";};["Right Leg"]={cf=cfr(.175,.136,.049,.883,.198,-.425,-.14,.976,.164,.447,-.085,.89);es="Linear";ed="In";};["Head"]={cf=cfr(0,0,0,.978,.196,-.065,-.206,.958,-.198,.024,.207,.978);es="Linear";ed="In";};};{tm=.833;["Torso"]={cf=cfr(-.226,-.11,-.007,.97,-.242,-.002,.242,.967,-.076,.021,.073,.997);es="Linear";ed="In";};["Left Leg"]={cf=cfr(-.708,.146,.001,.995,-.104,.007,.101,.978,.183,-.025,-.181,.983);es="Linear";ed="In";};["Right Arm"]={cf=cfr(.02,-.116,.093,.877,-.075,-.475,.185,.964,.19,.444,-.255,.859);es="Linear";ed="In";};["Handle"]={cf=cfr(0,0,0,1,0,0,0,1,0,0,0,1);es="Linear";ed="In";};["Left Arm"]={cf=cfr(-.009,-.111,.087,.951,.037,.307,-.104,.973,.207,-.291,-.229,.929);es="Linear";ed="In";};["Right Leg"]={cf=cfr(.167,.134,.043,.884,.194,-.425,-.134,.977,.166,.447,-.089,.89);es="Linear";ed="In";};["Head"]={cf=cfr(0,0,0,.978,.197,-.063,-.206,.961,-.187,.024,.196,.98);es="Linear";ed="In";};};{tm=.85;["Torso"]={cf=cfr(-.226,-.111,-.003,.97,-.242,-.003,.242,.967,-.077,.022,.074,.997);es="Linear";ed="In";};["Left Leg"]={cf=cfr(-.698,.142,-.002,.995,-.097,.007,.094,.979,.183,-.025,-.181,.983);es="Linear";ed="In";};["Right Arm"]={cf=cfr(.018,-.116,.093,.866,-.068,-.495,.183,.965,.186,.465,-.252,.849);es="Linear";ed="In";};["Handle"]={cf=cfr(0,0,0,1,0,0,0,1,0,0,0,1);es="Linear";ed="In";};["Left Arm"]={cf=cfr(-.007,-.111,.086,.952,.029,.305,-.096,.973,.208,-.291,-.227,.929);es="Linear";ed="In";};["Right Leg"]={cf=cfr(.16,.132,.037,.885,.189,-.425,-.128,.978,.167,.447,-.093,.889);es="Linear";ed="In";};["Head"]={cf=cfr(0,0,0,.978,.198,-.06,-.206,.963,-.175,.024,.183,.983);es="Linear";ed="In";};};{tm=.867;["Torso"]={cf=cfr(-.227,-.112,.001,.97,-.242,-.004,.241,.967,-.078,.022,.075,.997);es="Linear";ed="In";};["Left Leg"]={cf=cfr(-.69,.139,-.004,.996,-.091,.008,.088,.979,.183,-.024,-.182,.983);es="Linear";ed="In";};["Right Arm"]={cf=cfr(.016,-.117,.092,.854,-.062,-.516,.18,.967,.182,.488,-.248,.837);es="Linear";ed="In";};["Handle"]={cf=cfr(0,0,0,1,0,0,0,1,0,0,0,1);es="Linear";ed="In";};["Left Arm"]={cf=cfr(-.005,-.112,.085,.952,.022,.304,-.089,.974,.208,-.291,-.225,.93);es="Linear";ed="In";};["Right Leg"]={cf=cfr(.153,.13,.031,.886,.184,-.426,-.122,.978,.168,.447,-.097,.889);es="Linear";ed="In";};["Head"]={cf=cfr(0,0,0,.978,.199,-.058,-.206,.965,-.162,.023,.171,.985);es="Linear";ed="In";};};{tm=.883;["Torso"]={cf=cfr(-.227,-.114,.005,.97,-.242,-.004,.241,.967,-.08,.023,.076,.997);es="Linear";ed="In";};["Left Leg"]={cf=cfr(-.681,.136,-.005,.996,-.085,.009,.082,.98,.183,-.024,-.182,.983);es="Linear";ed="In";};["Right Arm"]={cf=cfr(.014,-.117,.09,.842,-.055,-.537,.176,.968,.177,.51,-.244,.825);es="Linear";ed="In";};["Handle"]={cf=cfr(0,0,0,1,0,0,0,1,0,0,0,1);es="Linear";ed="In";};["Left Arm"]={cf=cfr(-.003,-.112,.085,.953,.016,.303,-.082,.975,.208,-.292,-.223,.93);es="Linear";ed="In";};["Right Leg"]={cf=cfr(.147,.129,.026,.887,.178,-.426,-.116,.979,.169,.447,-.101,.889);es="Linear";ed="In";};["Head"]={cf=cfr(0,0,0,.978,.199,-.055,-.206,.967,-.15,.023,.158,.987);es="Linear";ed="In";};};{tm=.9;["Torso"]={cf=cfr(-.228,-.116,.008,.97,-.242,-.004,.241,.967,-.082,.024,.078,.997);es="Linear";ed="In";};["Left Leg"]={cf=cfr(-.674,.134,-.007,.997,-.079,.009,.076,.98,.183,-.024,-.182,.983);es="Linear";ed="In";};["Right Arm"]={cf=cfr(.013,-.117,.089,.829,-.048,-.558,.172,.97,.172,.533,-.239,.812);es="Linear";ed="In";};["Handle"]={cf=cfr(0,0,0,1,0,0,0,1,0,0,0,1);es="Linear";ed="In";};["Left Arm"]={cf=cfr(-.002,-.112,.085,.953,.01,.301,-.076,.975,.208,-.292,-.222,.93);es="Linear";ed="In";};["Right Leg"]={cf=cfr(.141,.128,.021,.888,.173,-.427,-.109,.979,.17,.447,-.104,.888);es="Linear";ed="In";};["Head"]={cf=cfr(0,0,0,.978,.2,-.053,-.206,.969,-.137,.023,.145,.989);es="Linear";ed="In";};};{tm=.917;["Torso"]={cf=cfr(-.228,-.118,.011,.97,-.242,-.004,.241,.967,-.084,.025,.08,.996);es="Linear";ed="In";};["Left Leg"]={cf=cfr(-.668,.133,-.008,.997,-.074,.01,.071,.981,.183,-.023,-.182,.983);es="Linear";ed="In";};["Right Arm"]={cf=cfr(.011,-.118,.088,.816,-.041,-.577,.168,.971,.168,.554,-.234,.799);es="Linear";ed="In";};["Handle"]={cf=cfr(0,0,0,1,0,0,0,1,0,0,0,1);es="Linear";ed="In";};["Left Arm"]={cf=cfr(0,-.112,.084,.954,.005,.3,-.071,.975,.209,-.292,-.22,.931);es="Linear";ed="In";};["Right Leg"]={cf=cfr(.136,.127,.017,.888,.168,-.427,-.104,.98,.17,.447,-.107,.888);es="Linear";ed="In";};["Head"]={cf=cfr(0,0,0,.978,.201,-.05,-.206,.971,-.126,.024,.133,.991);es="Linear";ed="In";};};{tm=.933;["Torso"]={cf=cfr(-.228,-.121,.013,.97,-.242,-.005,.241,.967,-.087,.025,.083,.996);es="Linear";ed="In";};["Left Leg"]={cf=cfr(-.663,.131,-.009,.998,-.069,.011,.065,.981,.183,-.023,-.182,.983);es="Linear";ed="In";};["Right Arm"]={cf=cfr(.009,-.118,.087,.804,-.034,-.594,.163,.973,.164,.572,-.229,.787);es="Linear";ed="In";};["Handle"]={cf=cfr(0,0,0,1,0,0,0,1,0,0,0,1);es="Linear";ed="In";};["Left Arm"]={cf=cfr(.001,-.112,.084,.954,0,.3,-.066,.976,.209,-.292,-.219,.931);es="Linear";ed="In";};["Right Leg"]={cf=cfr(.131,.126,.014,.889,.163,-.428,-.098,.98,.171,.447,-.11,.88